[gd_scene load_steps=4 format=3 uid="uid://dgx71v3n0qufj"]

[ext_resource type="PackedScene" uid="uid://1ho3oqfnll2i" path="res://player/player_drone.tscn" id="1_vpr45"]
[ext_resource type="PackedScene" uid="uid://d3nuk5n1cvyjr" path="res://camera_scanner/camera.tscn" id="2_qg52e"]

[sub_resource type="Environment" id="Environment_wgbtv"]
background_mode = 1
background_color = Color(0.286102, 0.381981, 0.488281, 1)
tonemap_mode = 2
ssr_enabled = true
ssao_enabled = true
ssil_enabled = true
volumetric_fog_enabled = true
volumetric_fog_density = 0.1
volumetric_fog_albedo = Color(0.550781, 0.763813, 1, 1)
volumetric_fog_emission = Color(0.181046, 0.289696, 0.410156, 1)

[node name="BuildingLevel" type="Node3D"]

[node name="DirectionalLight3D" type="DirectionalLight3D" parent="."]
transform = Transform3D(0.766044, -0.55667, 0.321394, 0, 0.5, 0.866025, -0.642788, -0.663414, 0.383022, 0, 5, 0)
shadow_enabled = true

[node name="WorldEnvironment" type="WorldEnvironment" parent="."]
environment = SubResource("Environment_wgbtv")

[node name="PlayerDrone" parent="." instance=ExtResource("1_vpr45")]
transform = Transform3D(1, 0, 0, 0, 1, 0, 0, 0, 1, 0, 2.09365, 0)

[node name="Environment" type="Node3D" parent="."]

[node name="CSGBox3D" type="CSGBox3D" parent="Environment"]
use_collision = true
size = Vector3(10, 0.1, 10)

[node name="CSGBox3D2" type="CSGBox3D" parent="Environment"]
transform = Transform3D(1, 0, 0, 0, 1, 0, 0, 0, 1, 5, 5, 0)
use_collision = true
size = Vector3(0.1, 10, 10)

[node name="CSGBox3D3" type="CSGBox3D" parent="Environment"]
transform = Transform3D(1, 0, 0, 0, 1, 0, 0, 0, 1, -5, 5, 0)
use_collision = true
size = Vector3(0.1, 10, 10)

[node name="CSGBox3D4" type="CSGBox3D" parent="Environment"]
transform = Transform3D(1, 0, 0, 0, 1, 0, 0, 0, 1, 0, 5, 5)
use_collision = true
size = Vector3(10, 10, 0.1)

[node name="CSGBox3D5" type="CSGBox3D" parent="Environment"]
transform = Transform3D(1, 0, 0, 0, 1, 0, 0, 0, 1, 0, 4, -5)
use_collision = true
size = Vector3(10, 8, 0.1)

[node name="CSGBox3D6" type="CSGBox3D" parent="Environment"]
transform = Transform3D(1, 0, 0, 0, 1, 0, 0, 0, 1, 0, 10, 0)
use_collision = true
size = Vector3(10, 0.1, 10)

[node name="CSGBox3D7" type="CSGBox3D" parent="Environment"]
transform = Transform3D(1, 0, 0, 0, 1, 0, 0, 0, 1, 0, 8, -10)
use_collision = true
size = Vector3(10, 0.1, 10)

[node name="Camera" parent="." node_paths=PackedStringArray("markers") instance=ExtResource("2_qg52e")]
transform = Transform3D(1, 0, 0, 0, 0.664513, 0.747276, 0, -0.747276, 0.664513, 0, 9.0663, 2.62038)
radius = 3.0
markers = [NodePath("Marker3D"), NodePath("Marker3D2"), NodePath("Marker3D3")]

[node name="Marker3D" type="Marker3D" parent="Camera"]
transform = Transform3D(1, 0, 0, 0, 0.664513, 0.747276, 0, -0.747276, 0.664513, 3, 9.0663, -5.37962)
top_level = true

[node name="Marker3D2" type="Marker3D" parent="Camera"]
transform = Transform3D(1, 0, 0, 0, 0.664513, 0.747276, 0, -0.747276, 0.664513, -2.92959, 9.0663, -5.37962)
top_level = true

[node name="Marker3D3" type="Marker3D" parent="Camera"]
transform = Transform3D(1, 0, 0, 0, 0.664513, 0.747276, 0, -0.747276, 0.664513, -1.22174, 6.81833, -5.37962)
top_level = true

[node name="Camera2" parent="." instance=ExtResource("2_qg52e")]
transform = Transform3D(1, 0, 0, 0, -0.250481, 0.968121, 0, -0.968121, -0.250481, 0, 16.8222, -11.5276)
