[gd_scene load_steps=13 format=3 uid="uid://dwpd4m1oebcj0"]

[ext_resource type="PackedScene" uid="uid://mm6hgpy86fbq" path="res://scenes/levels/game/main_hub.tscn" id="1_1sk1m"]
[ext_resource type="PackedScene" uid="uid://1ho3oqfnll2i" path="res://player/player_drone.tscn" id="2_g3hnr"]
[ext_resource type="Script" uid="uid://uvw5yorcsdeo" path="res://game_manager.gd" id="3_nsbbq"]
[ext_resource type="PackedScene" uid="uid://bb17e3w1o28gd" path="res://ui/detection_bar.tscn" id="4_k007b"]
[ext_resource type="PackedScene" uid="uid://cmmahjrnq16or" path="res://scenes/levels/game/tutorial.tscn" id="5_ck61k"]
[ext_resource type="PackedScene" uid="uid://bx1mmgt2rdp34" path="res://scenes/levels/game/level_1.tscn" id="9_u4xfv"]
[ext_resource type="PackedScene" uid="uid://x2t5j7bc3fbu" path="res://stationary_camera/stationary_camera.tscn" id="10_fg1s2"]
[ext_resource type="PackedScene" uid="uid://dd4xiuq23yfrx" path="res://scenes/objects/power_up/power_up.tscn" id="11_dibpg"]
[ext_resource type="Script" uid="uid://ijlh15eihdxu" path="res://checkpoint/checkpoint.gd" id="11_uvcia"]

[sub_resource type="CylinderShape3D" id="CylinderShape3D_f6273"]
height = 25.0
radius = 20.0

[sub_resource type="BoxShape3D" id="BoxShape3D_8y0ov"]
size = Vector3(56, 20, 40)

[sub_resource type="Environment" id="Environment_wnnoo"]
background_mode = 1
ambient_light_energy = 1.68
tonemap_mode = 2
ssr_enabled = true
ssao_enabled = true
ssil_enabled = true
sdfgi_enabled = true
sdfgi_use_occlusion = true
sdfgi_min_cell_size = 0.4
sdfgi_y_scale = 0
glow_enabled = true
glow_normalized = true
fog_enabled = true
fog_mode = 1
fog_density = 1.0
fog_depth_curve = 0.5
fog_depth_end = 40.0
volumetric_fog_density = 0.1
volumetric_fog_anisotropy = 0.0
volumetric_fog_length = 32.0

[node name="Game" type="Node3D"]

[node name="MainHub" parent="." instance=ExtResource("1_1sk1m")]

[node name="PlayerDrone" parent="." node_paths=PackedStringArray("detection_bar_ui", "jump_timer_ui") instance=ExtResource("2_g3hnr")]
transform = Transform3D(1, 0, 0, 0, 1, 0, 0, 0, 1, -0.0474105, 7.58812, 16.2848)
detection_bar_ui = NodePath("../CanvasLayer/DetectionProgressBar")
jump_timer_ui = NodePath("../CanvasLayer/JumpTimerProgressBar")

[node name="GameManager" type="Node" parent="." node_paths=PackedStringArray("tooltip_text_ui")]
script = ExtResource("3_nsbbq")
tooltip_text_ui = NodePath("../CanvasLayer/RichTextLabel")

[node name="CanvasLayer" parent="." instance=ExtResource("4_k007b")]

[node name="DirectionalLight3D" type="DirectionalLight3D" parent="."]
transform = Transform3D(1, 0, 0, 0, 0.0348995, 0.999391, 0, -0.999391, 0.0348995, 0, 19, 0)
light_color = Color(0.705882, 0.839216, 0.862745, 1)
shadow_enabled = true

[node name="Tutorial" parent="." instance=ExtResource("5_ck61k")]

[node name="PowerUp" parent="." instance=ExtResource("11_dibpg")]
transform = Transform3D(1, 0, 0, 0, 1, 0, 0, 0, 1, -28, -1.4, -47)

[node name="Level_1" parent="." instance=ExtResource("9_u4xfv")]
transform = Transform3D(-4.37114e-08, 0, -1, 0, 1, 0, 1, 0, -4.37114e-08, -84.3985, 21.4774, 0)

[node name="StationaryCamera" parent="Level_1" node_paths=PackedStringArray("markers", "player") instance=ExtResource("10_fg1s2")]
transform = Transform3D(-0.965926, 0.0669873, 0.25, 1.13133e-08, 0.965926, -0.258819, -0.258819, -0.25, -0.933013, -2.4, 2.5226, -24.3458)
markers = [NodePath("Marker3D"), NodePath("Marker3D2")]
player = NodePath("../../PlayerDrone")
length = 30.0
radius = 5.0

[node name="Marker3D" type="Marker3D" parent="Level_1/StationaryCamera"]
transform = Transform3D(0.258819, 0.25, 0.933013, 5.8867e-08, 0.965927, -0.258819, -0.965926, 0.0669873, 0.25, -51.9, 19, -1.40002)
top_level = true

[node name="Marker3D2" type="Marker3D" parent="Level_1/StationaryCamera"]
transform = Transform3D(0.258819, 0.25, 0.933013, 7.32604e-08, 0.965927, -0.258819, -0.965926, 0.0669873, 0.25, -42.9, 20, 1.59998)
top_level = true

[node name="StationaryCamera2" parent="Level_1" node_paths=PackedStringArray("markers", "player") instance=ExtResource("10_fg1s2")]
transform = Transform3D(-0.965926, 0.0669873, 0.25, 1.13133e-08, 0.965926, -0.258819, -0.258819, -0.25, -0.933013, -2.4, 2.5226, 3.65424)
markers = [NodePath("Marker3D"), NodePath("Marker3D2")]
player = NodePath("../../PlayerDrone")
length = 30.0
radius = 4.0

[node name="Marker3D" type="Marker3D" parent="Level_1/StationaryCamera2"]
transform = Transform3D(0.258819, 0.25, 0.933013, 5.8867e-08, 0.965927, -0.258819, -0.965926, 0.0669873, 0.25, -86.3, 19, -0.100016)
top_level = true

[node name="Marker3D2" type="Marker3D" parent="Level_1/StationaryCamera2"]
transform = Transform3D(0.258819, 0.25, 0.933013, 7.32604e-08, 0.965927, -0.258819, -0.965926, 0.0669873, 0.25, -70.4, 18, -0.400025)
top_level = true

[node name="StationaryCamera3" parent="Level_1" node_paths=PackedStringArray("markers", "player") instance=ExtResource("10_fg1s2")]
transform = Transform3D(1, 3.09086e-08, -1.28028e-08, -3.09086e-08, 0.707107, -0.707107, -1.28028e-08, 0.707107, 0.707107, 40, -2.0774, 5.6015)
markers = [NodePath("Marker3D"), NodePath("Marker3D2")]
player = NodePath("../../PlayerDrone")
length = 30.0
radius = 6.0

[node name="Marker3D" type="Marker3D" parent="Level_1/StationaryCamera3"]
transform = Transform3D(1, 0, 0, 0, 1, 0, 0, 0, 1, -93, 9.40001, 40)
top_level = true

[node name="Marker3D2" type="Marker3D" parent="Level_1/StationaryCamera3"]
transform = Transform3D(1, 0, 0, 0, 1, 0, 0, 0, 1, -102, 11.4, 40)
top_level = true

[node name="StationaryCamera4" parent="Level_1" node_paths=PackedStringArray("markers", "player") instance=ExtResource("10_fg1s2")]
transform = Transform3D(-4.37114e-08, 0, 1, 0, 1, 0, -1, 0, -4.37114e-08, -27, -2.5774, 78.1015)
markers = [NodePath("Marker3D"), NodePath("Marker3D2")]
player = NodePath("../../PlayerDrone")
length = 30.0
radius = 6.0

[node name="Marker3D" type="Marker3D" parent="Level_1/StationaryCamera4"]
transform = Transform3D(1, 0, 0, 0, 1, 0, 0, 0, 1, -157.5, 8.9, -15)
top_level = true

[node name="Marker3D2" type="Marker3D" parent="Level_1/StationaryCamera4"]
transform = Transform3D(1, 0, 0, 0, 1, 0, 0, 0, 1, -148.5, 16.9, -30)
top_level = true

[node name="StationaryCamera5" parent="Level_1" node_paths=PackedStringArray("markers", "player") instance=ExtResource("10_fg1s2")]
transform = Transform3D(-4.37114e-08, 0, 1, 0, 1, 0, -1, 0, -4.37114e-08, -63, -3.9774, 76.1015)
markers = [NodePath("Marker3D"), NodePath("Marker3D2")]
player = NodePath("../../PlayerDrone")
length = 30.0
radius = 5.0

[node name="Marker3D" type="Marker3D" parent="Level_1/StationaryCamera5"]
transform = Transform3D(1, 0, 0, 0, 1, 0, 0, 0, 1, -141.5, 17.5, -71)
top_level = true

[node name="Marker3D2" type="Marker3D" parent="Level_1/StationaryCamera5"]
transform = Transform3D(1, 0, 0, 0, 1, 0, 0, 0, 1, -141.5, 6.5, -71)
top_level = true

[node name="Checkpoints" type="Node" parent="."]

[node name="Checkpoint_1" type="Area3D" parent="Checkpoints" node_paths=PackedStringArray("game_manager")]
collision_layer = 7
collision_mask = 7
script = ExtResource("11_uvcia")
game_manager = NodePath("../../GameManager")
spawn_name = "Ventilation Duct"

[node name="CollisionShape3D" type="CollisionShape3D" parent="Checkpoints/Checkpoint_1"]
transform = Transform3D(1, 0, 0, 0, 1, 0, 0, 0, 1, -114.5, 14, 0)
shape = SubResource("CylinderShape3D_f6273")

[node name="Marker3D" type="Marker3D" parent="Checkpoints/Checkpoint_1"]
transform = Transform3D(1, 0, 0, 0, 1, 0, 0, 0, 1, -114.7, 30, 0)

[node name="Hub" type="Area3D" parent="Checkpoints" node_paths=PackedStringArray("game_manager")]
collision_layer = 7
collision_mask = 7
script = ExtResource("11_uvcia")
game_manager = NodePath("../../GameManager")
spawn_name = "Hub"

[node name="CollisionShape3D" type="CollisionShape3D" parent="Checkpoints/Hub"]
transform = Transform3D(1, 0, 0, 0, 1, 0, 0, 0, 1, 17, 0, 0)
shape = SubResource("BoxShape3D_8y0ov")

[node name="Marker3D" type="Marker3D" parent="Checkpoints/Hub"]
transform = Transform3D(1, 0, 0, 0, 1, 0, 0, 0, 1, 0, 7.4, 16.7)

[node name="WorldEnvironment" type="WorldEnvironment" parent="."]
environment = SubResource("Environment_wnnoo")

[editable path="CanvasLayer"]
